740.0
326.0
179.0
106.0
91.0
79.0
59.0
53.0
49.0
42.0
40.0
38.0
33.0
27.0
26.0
25.0
25.0
20.0
17.0
17.0
15.0
15.0
15.0
13.0
12.0
12.0
11.0
10.0
10.0
10.0
9.0
9.0
8.0
8.0
7.0
7.0
7.0
7.0
7.0
7.0
7.0
7.0
6.0
6.0
6.0
6.0
6.0
6.0
6.0
5.0
5.0
5.0
5.0
5.0
5.0
5.0
5.0
5.0
5.0
5.0
5.0
4.0
4.0
4.0
4.0
4.0
4.0
4.0
4.0
4.0
4.0
4.0
4.0
4.0
4.0
4.0
4.0
4.0
3.0
3.0
3.0
3.0
3.0
3.0
3.0
3.0
3.0
3.0
3.0
3.0
3.0
3.0
3.0
3.0
2.0
2.0
2.0
2.0
2.0
2.0
2.0
2.0
2.0
2.0
2.0
2.0
2.0
2.0
2.0
2.0
2.0
2.0
2.0
2.0
2.0
2.0
2.0
2.0
2.0
1.0
1.0
1.0
1.0
1.0
1.0
